394
281
263
21
275
913
994
807
882
484
718
376
719
9
723
422
59
455
6
942
930
891
18
183
916
262
275
430
127
504
570
679
2
28
905
210
447
255
351
114
940
266
721
835
896
843
174
843
188
610
248
992
705
124
446
468
879
692
199
361
846
87
211
389
964
926
76
893
749
30
575
89
93
411
539
628
831
142
321
821
167
793
220
101
409
817
231
17
665
730
999
27
143
5
385
408
7
315
521
301
697
876
12
843
585
199
281
337
601
193
180
2
208
434
864
624
666
688
364
845
526
649
433
853
633
141
445
262
522
332
472
38
725
803
291
477
648
903
89
1000
963
110
298
195
445
597
391
705
861
363
890
94
415
421
962
125
501
257
303
281
574
74
400
707
346
368
596
319
823
840
492
458
6
287
767
353
792
998
237
335
55
193
65
558
453
507
145
263
12
386
996
808
575
233
408
132
979
30
859
408
310
417
933
104
390
895
41
679
107
597
677
757
196
214
615
340
740
870
746
461
923
976
857
611
55
494
368
282
255
228
494
574
432
354
460
467
532
611
894
629
446
304
246
826
822
85
268
794
786
623
491
997
775
253
398
364
490
494
898
399
917
619
168
783
633
7
802
942
671
585
997
821
500
608
607
884
72
335
755
534
433
700
986
528
764
519
46
433
911
973
77
88
46
74
675
692
747
355
98
100
387
887
809
924
195
52
747
636
921
43
622
510
294
325
451
549
924
77
607
125
579
735
627
561
885
629
727
728
443
748
839
761
859
98
775
466
667
920
450
789
942
558
155
194
598
560
903
432
10
83
98
942
395
180
170
367
588
118
323
217
452
506
181
569
367
292
977
506
600
146
945
949
21
450
164
42
954
913
337
422
419
321
290
926
822
244
470
49
237
985
990
902
540
182
986
598
311
795
318
904
762
562
188
831
822
505
127
817
62
328
303
365
134
442
610
355
517
903
586
764
609
245
847
1000
643
352
89
416
81
237
348
960
152
217
849
518
764
539
628
558
772
660
500
917
936
109
801
27
658
526
122
461
386
243
383
453
178
381
994
759
650
609
431
614
115
935
612
404
806
722
182
259
902
112
2
736
865
183
318
103
239
631
753
10
729
181
80
550
996
15
191
985
604
861
570
725
654
544
681
267
322
477
605
200
909
506
559
271
96
159
865
202
557
783
210
88
287
438
523
462
97
227
891
288
730
446
121
666
177
361
781
886
754
440
926
422
539
903
714
238
261
736
760
368
274
294
29
994
667
276
992
993
916
56
582
203
655
131
514
644
456
131
830
838
408
300
456
830
785
653
658
805
269
260
488
766
628
942
759
511
170
999
114
631
299
907
155
712
989
391
693
492
311
917
764
478
681
724
735
594
823
435
641
349
461
432
614
859
277
456
109
653
179
399
101
420
178
749
181
841
53
200
21
443
486
766
235
200
44
430
278
140
382
406
714
287
271
241
260
562
852
77
121
580
577
524
665
45
402
410
443
292
774
1
39
978
279
133
698
295
792
392
251
157
164
240
57
83
189
302
322
401
485
481
732
910
853
110
205
206
566
858
845
197
646
767
763
5
48
40
247
569
425
485
907
620
632
363
201
544
299
206
978
777
579
549
172
687
863
302
934
834
371
221
774
913
558
171
589
905
423
20
94
97
195
161
966
880
614
662
930
546
249
523
715
520
153
325
695
257
187
346
462
526
424
871
436
294
795
454
841
199
932
17
601
186
680
142
94
948
790
201
257
852
981
592
953
618
143
752
756
440
285
652
179
64
46
217
747
6
60
601
375
881
556
169
742
524
992
634
942
280
760
765
379
133
921
659
555
661
216
134
600
754
33
779
547
68
82
602
865
965
544
423
738
796
394
714
12
756
802
898
19
155
918
410
895
439
939
912
215
708
262
703
863
134
76
561
57
877
739
415
971
530
137
146
805
418
271
482
553
80
990
117
359
384
603
724
711
489
764
383
934
780
258
851
697
142
673
173
827
451
608
136
419
560
845
751
710
777
900
140
819
375
349
848
90
520
813
959
372
589
74
274
556
430
670
98
518
329
873
379
23
724
503
662
996
124
104
985
344
978
977
149
713
187
248
859
683
883
848
800
412
913
365
337
515
389
595
928
529
694
68
542
696
361
800
76
761
498
569
373
32
824
883
733
112
577
965
245
951
974
80
97
687
80
812
836
345
680
889
475
892
255
821
895
387
677
462
175
930
698
766
352
275
723
751
902
638
551
967
118
959
116
354
141
993
322
358
427
124
556
908
132
544
653
92
431
811
609