1
2
3
4
5
6
7
503
9
10
11
165
13
14
15
16
17
18
19
20
21
22
23
189
25
26
27
28
29
30
31
634
329
34
35
36
111
38
39
68
41
42
763
44
45
932
418
48
49
50
821
52
53
54
55
693
57
266
59
60
61
810
63
64
65
581
172
40
69
374
71
72
73
74
177
76
77
732
79
80
81
82
83
84
85
86
87
88
89
90
91
92
93
94
95
96
97
98
99
861
101
102
103
104
105
106
535
108
109
110
396
112
113
114
115
116
117
118
119
120
121
122
123
124
207
126
127
128
129
130
131
132
133
746
135
136
137
138
139
140
141
142
143
466
145
146
147
148
149
150
151
152
153
154
155
156
157
478
159
434
161
162
163
164
12
166
167
168
405
170
171
67
173
174
175
176
75
178
179
180
562
182
183
184
185
186
187
188
24
190
191
192
193
194
66
196
197
198
199
200
201
202
203
204
205
606
125
797
209
210
211
212
213
642
215
216
217
218
219
220
221
222
223
224
225
226
227
228
229
230
231
232
233
234
235
236
469
238
239
240
241
870
243
244
245
704
839
248
249
250
412
252
420
254
255
256
257
258
259
260
261
262
263
264
265
58
267
822
269
270
271
272
273
274
275
276
277
278
279
280
708
282
321
696
860
286
287
288
289
290
291
292
854
294
295
296
297
298
299
300
301
302
303
304
305
306
307
308
309
310
311
583
313
314
315
316
317
318
319
320
283
322
323
324
855
326
327
328
33
330
331
332
463
334
335
496
337
338
339
340
341
342
343
344
345
346
347
348
349
350
351
352
353
354
725
356
357
358
359
360
333
362
363
364
365
366
367
368
369
370
460
372
373
70
375
376
795
378
379
380
381
382
383
384
392
386
387
388
389
390
866
395
393
394
385
37
397
398
399
400
401
402
403
404
799
406
945
408
409
410
411
251
413
414
415
416
417
447
419
253
421
422
423
424
425
426
427
428
429
430
431
432
433
160
435
436
437
438
439
885
441
442
443
444
445
446
47
448
449
772
451
452
580
284
455
456
457
458
459
371
686
462
361
464
465
144
467
468
989
889
471
472
473
601
475
476
477
158
547
480
481
482
483
484
485
929
487
807
489
758
491
492
493
494
495
521
497
498
499
500
501
502
8
504
505
506
507
508
509
510
511
512
513
514
515
516
555
518
519
520
336
825
523
524
525
526
527
528
529
530
531
532
533
534
107
536
537
538
539
540
541
542
543
544
545
546
884
548
937
550
551
552
707
554
517
556
557
558
559
560
561
181
563
778
565
566
567
568
569
570
571
572
573
574
695
576
577
578
579
453
876
582
312
584
585
586
711
899
589
590
591
843
593
594
595
596
597
868
599
600
474
602
603
604
605
206
607
608
609
610
611
612
613
614
615
616
617
549
619
620
621
622
623
624
625
626
627
628
629
630
631
632
782
32
635
636
637
638
639
640
641
214
712
644
645
646
647
648
649
650
651
915
653
654
655
656
657
658
659
660
661
662
765
664
665
666
667
668
669
377
671
672
673
674
675
676
677
678
679
680
681
682
683
684
685
461
687
134
689
690
691
692
903
694
575
454
697
698
699
700
701
702
703
246
705
706
553
281
709
710
587
643
713
714
715
355
717
718
719
848
721
722
723
724
716
726
727
728
729
730
731
78
733
734
735
736
737
852
739
740
741
742
743
744
745
688
747
809
749
750
751
752
753
754
755
756
757
490
759
760
761
762
43
764
928
766
767
768
769
770
771
450
773
774
775
776
777
564
779
780
829
633
783
784
785
786
787
788
789
790
791
792
793
794
670
796
208
798
169
800
801
802
803
804
805
806
488
808
748
62
811
812
813
814
815
816
817
919
819
820
51
268
823
824
522
926
827
828
781
830
831
832
833
834
835
836
837
838
247
840
841
842
592
844
845
846
847
720
849
850
851
738
853
293
325
856
857
858
859
285
100
862
863
864
865
391
867
598
869
242
871
872
873
874
875
195
877
878
879
880
881
882
883
479
440
886
887
888
470
890
891
892
893
894
895
896
897
898
588
900
901
902
56
904
905
906
907
908
909
910
911
912
913
914
652
916
917
918
818
920
921
922
923
924
925
826
927
663
486
930
931
46
933
934
935
936
618
938
939
940
941
942
943
944
407
946
947
948
949
950
951
952
953
954
955
956
957
958
959
960
961
962
963
964
965
966
967
968
969
970
971
972
973
974
975
976
977
978
979
980
981
982
983
984
985
986
987
988
237
990
991
992
993
994
995
996
997
998
999
1000