6149
6784
6935
1591
3828
5379
7166
6757
2154
2110
445
1902
1285
240
6691
348
1620
3618
7394
6585
5562
3701
1944
7264
1823
2369
5164
5545
5803
4145
3188
7434
6232
1021
2448
4411
716
6987
514
4315
2508
7066
9135
2217
9273
7318
1667
6195
1632
7316
8491
8816
6842
2838
7832
4400
2066
1771
1937
4821
7637
1609
6419
381
1770
2675
3361
7820
6109
7475
6995
2747
4107
1398
7096
5146
3970
1720
7048
5206
2184
7257
7234
5422
6376
9651
5830
9378
2345
7413
5359
2943
4422
7124
2258
3892
8951
7224
432
8804
3041
1578
7416
1285
1440
5280
8336
3546
7305
4263
2272
8042
1669
286
7518
9731
372
8353
2804
2467
4623
9883
4769
6929
7101
5372
2116
2718
8455
3986
9922
3286
338
2251
2179
7035
6321
1039
3048
127
1878
9618
155
5616
1892
506
5673
109
1672
4672
6811
404
8361
2912
4224
9726
5262
1948
2881
6750
9182
3799
5241
8841
192
3247
1791
6690
2849
9783
2532
2887
6588
9280
8440
8775
3523
2404
6397
6284
3733
2116
3936
1426
1892
7739
173
6079
9216
8691
481
5861
1872
8234
1277
1627
4067
3957
5041
2995
7241
2775
8488
1422
323
3630
6613
9768
5538
4052
7702
1453
7064
4728
1404
2403
5412
6024
6029
8800
9731
8096
1937
8410
462
8937
6370
5271
9460
6860
7806
1056
7314
6799
5528
334
8319
7776
1489
4110
2241
5565
8499
7944
331
1859
7185
6844
2634
9730
9467
3180
9177
413
2075
8695
1662
519
5816
4778
1361
6339
7075
1227
702
9885
7828
6441
1722
3338
1044
1884
7211
8668
3040
3271
8352
7609
2279
4554
4714
8668
6480
8171
7512
2870
818
6484
9220
6455
9701
6258
870
882
3060
6465
6514
9554
3533
5190
4362
6490
522
3289
9336
4868
37
7178
4719
9614
8597
2612
1270
3788
5691
1197
9123
7427
2507
3484
3059
4536
1696
9908
496
2946
5109
3150
9862
686
9196
4533
2884
1204
1749
2647
9208
6430
1919
8931
8861
639
8669
22
8621
820
8006
17
7424
6822
2197
9414
8923
9768
5845
7119
5643
6902
3216
8346
394
2949
3048
6439
9835
7690
6135
5258
4338
5732
6333
2181
9911
4704
8227
3158
2925
5242
7227
1808
7123
5866
7395
6137
2259
7731
6433
2975
6526
987
5368
6231
6523
6558
4684
176
7656
2013
1699
1870
5588
5572
2298
9638
2129
210
9423
4096
1339
5308
1489
4507
8863
3699
296
2796
8640
3577
3254
8708
7398
77
3116
2475
4000
6291
1159
9142
113
7192
3039
5849
9882
609
2690
1287
3317
1542
951
1401
9852
9321
1117
6212
2211
6484
3683
3853
5522
1672
1636
2041
9653
5312
2104
9850
1516
5679
1710
339
5606
9332
8388
1586
7034
9436
6465
6351
2675
1408
4402
6261
1293
6153
914
9427
7063
2212
214
2677
9514
9737
5166
1352
8012
1527
8596
2028
2359
9913
6577
3400
314
1055
2244
7960
5058
2427
8355
9980
208
3609
5124
2744
8591
3434
6667
2508
7550
6798
2574
133
5042
5970
9024
8767
8010
4777
4517
8942
8995
5932
7813
8911
1562
9982
6795
919
6891
7881
1691
9762
67
6547
9520
6325
6626
5369
8021
6556
4272
9532
1259
3431
6395
1897
6530
4579
139
2386
6931
8902
9533
6055
13
7714
7611
7800
945
4286
2269
2383
4687
1696
3349
2197
7196
7166
982
1018
4513
9805
9736
4949
2634
6901
2517
847
3206
2078
250
340
5976
4775
744
7243
3326
6484
5313
9793
4277
3589
9309
1081
1680
6668
1660
3527
8141
7027
5063
6390
216
8587
8607
3720
6696
2127
6614
1929
5177
7329
4684
650
2653
601
5340
6029
6495
4955
4810
6089
6248
7139
6402
6537
8003
7691
3254
6428
1210
7827
5796
5005
7857
9449
3207
9535
3727
5087
1751
5944
8648
3152
7733
3063
7924
7484
1857
6490
9907
3363
4063
438
3493
4958
3012
7601
7793
2946
7265
1341
3906
7926
2511
8682
6407
6775
4497
2035
63
6377
4321
8066
6765
410
5248
1398
7913
7543
8785
2929
4549
2214
8746
1752
9992
5648
6945
7540
2851
6892
9409
1237
5774
5707
9026
6235
9956
8696
715
7668
9827
1551
5786
2544
279
9945
6562
4120
4599
9825
9245
5091
2165
7541
2012
238
5483
4612
9067
1923
2291
2091
9133
9712
9062
8639
7822
9563
5051
5801
7064
7756
1246
3245
153
753
9680
7348
8643
682
4292
4377
8257
7741
1582
6214
1815
9072
9275
9879
4531
8185
592
2972
9134
3534
8873
3979
2653
9014
9818
7119
507
5586
7051
5102
3913
7595
6103
8419
1537
4636
9980
2120
3194
5992
2702
8096
1556
7422
2354
3220
4639
967
1879
2020
2134
3993
6842
6155
4566
8240
9324
8468
1506
2959
6834
1348
5413
3280
8475
1773
3262
7193
3466
4921
1493
8773
9093
1220
7368
262
1874
5854
2644
2550
7539
2468
8909
3303
5781
330
1791
5711
9324
2970
883
9677
9552
1122
8609
7756
7557
5861
6818
4998
9685
4112
8216
6575
1400
4762
5134
1510
3009
5395
9257
8175
1886
7521
8318
6286
5360
8578
1472
9956
59
9854
4093
9417
6812
3043
4408
8738
8393
5604
399
3380
9928
7350
2626
1320
4174
8295
3857
5339
1844
989
887
7015
7024
3538
7854
7150
3177
3871
9246
5186
1683
2713
8258
2921
8590
7329
3185
5012
1600
627
9130
7971
4945
8771
2632
9722
7389
3612
9864
6104
1708
1235
4788
6712
4354
9926
4400
9979
8290
1480
2600
3315
6090
9764
8737
7805
2238
7787
807
9620
5098
1215
416
976
1734
3221
7003
2990
2363
4645
1142
7425
4536
9368
8003
5908
2033
1693
4479
1808
3854
2706
9291
4467
77
5635
9308
3715
1677
4413
1093
3294
1380
8770
3028
6565
8198
9439
6594
4457
1151
1280
1669
7849
912
2205
7835
2560
1828
5276
7025
2366
3532
4994
6723
2839
9418
3400
1019
4777
8972
3301
3123
331
3259
2613
5309
9267
4834
7605
5127
1220
1018
2968
609
5101
8268
4127
1526
6828
2521
7501
5299
2170
1663
8115
1402
1607
1450
2198
2901
7312
4056
9545
7982
7482
6540
9838
5834
6023
3597
7444
3237
6843
9895
7874
4447
4206
1828
2768
7030
8773
4023
4719
8359
8418
2088
3814
9941
4070
8423
1644
4020
336
6599
9335
3899
1875
8201
3941
8356
9745
6826
4088
1956
4924
8678
8454
2958
1572
276
2568
3946
9304
6818
4003
4223
4780
5719
4196
9512
3043
6843
2643
6230
2217
9760
4748
7139
7557
4423
4186
4815
5023
9586
6430
1178
3413
9037
9932
8217
9343
7830
3692
9537
4218
1637
7843
6921
2648
6988
1557
829
34
9871
6392
5705
5708
107
3654
5038
2529
1703
6220
4635
9997
3877
4719
8804
9214
1303
4119
7196
7333
3644
842
4150
6858
8568
8992
934
2939
7368
6435
4584
3280
2292
6679
2671
2972
197
6530
16
3020
8122
3349
3230
9712
1142
9025
2988
5492
848
8182
1523
8903
9715
2253
1046
7231
7692
1956
8599
7314
8273
6725
3608
8987
5274
936
9996
2408
4826
6431
9257
4927
8784
2606
8972
4690
4953
2298
6812
7646
3040
2372
7758
7626
9743
8560
66
4649
3549
7478
3418
44
2210
767
8437
4150
7924
3433
2582
6288
4414
1551
6757
9162
1514
3958
8008
9369
9003
1289
7761
1946
1051
617
9070
3234
7349
673
4821
412
5897
7605
889
7855
201
2596
8569
4853
6037
9000
1354
2876
5586
9823
2472
2975
1325
4232
2643
4260
469
5029
1542
2955
9594
3358
8848
1944
4462
4661
5107
2480
9994
1586
3216
4434
643
8817
4508
8145
5472
755
167
1179
1575
6091
3216
9633
7747
7083
1484
4755
415
6301
1189
1025
3361
5696
3551
6679
8117
142
7211
9626
5962
8556
2308
2964
8025
4241
6102
9514
5171
5351
3206
904
9954
6345
8656
3052
2721
4733
3407
3051
397
3004
8700
353
232
7450
5480
8886
2136
3225
2162
3035
8858
8117
7871
2939
7703
9407
4549
2096
9329
6803
5503
7317
2994
7877
6310
6244
7680
4581
8507
6649
7705
5206
5273
5010
1291
9026
1456
1033
293
3071
9883
2406
8613
4777
3728
7458
3314
5309
6936
3324
8004
441
2629
5333
2580
2558
6603
9104
6203
5679
3245
6146
2282
5785
7584
7913
676
7905
6254
1761
6771
7353
8905
4722
5757
3629
5231
2166
3586
5598
2767
4595
8217
277
6887
2130
8417
2843
1065
2512
46
1794
8632
2315
6905
5082
1671
8740
3079
5294
6088
4905
7257
2991
1532
5431
4268
8346
9025
3501
6343
7304
8293
8070
1440
225
9263
9670
8833
259
7061
2252
70
2365
4006
480
3435
2152
6629
5079
5976
1210
9672
5441
911
2006
9301
3003
5251
2200
4160
8118
8677
5169
6628
8404
4222
6880
4936
8364
3559
1697
4822
4795
8796
6507
6286
9099
7499
1708
6849
9032
3784
1755
4147
3961
3597
552
3185
2680
9683
5218
1218
2974
2147
4151
7286
9274
624
8632
3617
8536
27
4023
3438
5516
6589
5011
9745
3417
8678
766
5379
8754
3057
4748
4307
2251
5726
1111
7261
5154
8000
5884
96
2099
5937
5084
5392
9907
1418
5108
7308
7402
6129
7648
6371
333
3005
2852
2006
5543
5878
5839
4125
147
7099
8044
171
9705
1744
1580
8946
4656
1886
8200
9786
2372
6449
1035
4117
8350
2506
7600
7737
8922
5509
485
2418
8420
134
9709
5593
9238
8957
968
8373
3031
6998
5702
8835
1013
4003
2989
4265
1600
1577
3712
7916
6088
9610
8904
1999
501
9378
973
8162
6616
3868
1396
6715
9477
5154
403
8967
9275
334
5460
2120
4248
9383
5191
7204
1
9496
4066
3265
9037
7273
4754
9066
782
4857
593
2821
1532
68
5071
9522
466
7590
9315
2532
4589
2055
3752
5098
8266
1799
1200
7719
8040
991
1053
6617
8434
6476
3974
3405
6271
7136
7950
1754
2908
2963
6019
1999
7648
3108
7960
380
2523
7753
6586
3208
3262
6710
7963
1452
4406
1920
7193
8209
8488
6451
5154
6841
5299
4917
2628
1249
4014
558
9459
2551
7811
7454
5449
4931
2921
6228
8527
759
4503
7642
5334
7186
4911
289
6812
6222
3409
3781
6545
8776
2774
6982
9669
4852
5617
7037
6690
7163
829
8740
8007
1830
6996
1294
798
9831
7125
110
1293
1939
3444
6267
832
9758
5690
8639
4181
2611
1326
2258
9496
8167
876
8561
279
3526
2991
8782
7651
6743
9351
4834
1906
8856
600
2655
8832
8786
5239
22
7676
2688
4048
2762
8598
4368
8800
2183
7861
7501
8813
5850
4323
7649
9131
5331
439
5696
5926
3534
2515
4220
84
4012
157
9928
5881
1253
7078
1742
9452
4068
6550
5931
5286
8987
8605
8920
6526
4679
1425
8461
5099
4214
3661
4364
7392
1903
7750
8766
7049
4247
115
4787
5641
5351
1003
333
2070
5607
6561
4786
876
7637
1496
7203
9312
7339
2199
4577
4623
2961
8521
419
7287
495
1515
3597
5848
8135
9845
318
8079
2158
6039
9870
4903
8959
6224
3512
6980
1775
2983
3731
9581
1632
2100
3568
9876
1939
3683
2556
765
1621
4605
1224
647
4801
7158
6743
1170
1187
8220
1525
6812
3407
5624
5067
525
4610
9171
5604
953
2091
5801
5496
3612
397
1712
2671
2970
1213
1905
1791
9154
9754
9789
8914
6945
1820
1179
850
9130
3007
8206
3437
2984
3936
1394
1419
9549
3365
1529
5648
795
6907
5538
1004
389
767
5856
7882
4809
8783
2947
3154
3607
4231
7552
7641
151
1059
6459
1638
3450
8519
2597
2463
8683
2251
5218
2863
7819
6556
3476
7142
6175
1478
494
9666
8386
8448
7397
481
9796
246
9559
9875
8296
3145
9812
7441
2065
5292
5178
2274
470
62
7229
1417
2912
6723
2826
8100
2526
6922
1130
3495
2359
2020
6379
8873
2644
9024
3012
8857
4322
2826
2108
7836
7379
3105
5487
4223
8963
7591
3230
5213
3507
1308
1562
5298
9392
465
584
3743
4155
3097
6462
3744
1380
9374
7067
1617
717
6767
1566
4007
5546
6612
1742
8722
3803
8571
1574
3785
9163
4850
3688
6208
8112
3328
6886
2495
1148
3446
1358
4439
6471
8756
9654
7290
3598
3454
5806
1869
9004
7717
8410
6635
1043
4621
1608
5507
7943
2626
2887
7716
3531
7788
2644
8178
8999
1033
431
7582
1290
529
5812
6073
7656
6333
391
2098
8198
7653
1580
4669
4584
6937
5217
8310
941
6093
2070
207
1697
6879
2042
4829
2815
2858
1945
2716
2730
7349
8938
9086
2871
1049
7984
2666
1546
9845
6159
2775
1461
6785
5551
3501
6000
4419
4745
8703
9406
6181
3323
266
4582
5530
7324
9501
4222
3994
6071
4635
5654
38
8956
1223
9674
5423
2113
4643
6024
7788
4168
3112
3423
9394
3090
416
5819
6396
7702
312
501
4326
219
1553
1334
4353
1405
7666
839
5083
818
7812
7221
1218
8423
5264
1745
2707
2222
7300
2512
784
142
2681
2896
2136
7930
3699
9338
567
6637
9425
4658
3578
7516
5894
1954
8594
3140
8948
9621
4772
5119
5680
765
8613
323
4502
4904
7742
1789
4798
7842
8302
5818
3458
9971
9911
3227
3737
8341
8560
8254
7919
5324
3372
1356
2908
51
3796
1715
7107
9816
9956
858
3330
5436
8984
1465
5295
9254
1187
6177
2174
3963
5029
6919
169
1866
8001
6615
86
1558
8893
6266
1108
5424
8168
7889
9400
6257
2366
3641
3725
878
2641
7953
3840
7109
8094
6108
1170
2197
6212
8470
3564
9068
1582
2915
3292
3918
5017
4885
1615
3404
3783
1314
6580
7975
5841
2758
5804
6000
7435
214
1359
7152
2393
7879
5707
2067
2179
5441
4847
8129
2934
6387
7965
3602
2561
273
2787
1939
7869
3358
6426
8248
4090
4327
3807
9891
7096
6565
9589
899
8436
1619
3579
6459
1475
5586
4254
3628
2096
2309
5645
1571
2053
2167
1132
3771
6912
4038
8440
9101
17
7289
1156
4308
5054
8022
341
1753
5419
7158
7788
6423
1904
3603
174
4348
6254
6093
7007
7824
2761
6744
9804
6356
566
2591
8994
2365
5911
6309
1835
1052
8601
9660
2518
4280
1225
6192
1459
9263
429
2054
2038
118
2954
7528
4386
5640
773
3166
7464
146
718
8808
9834
8248
5004
1837
4281
5325
2391
1219
4912
8216
7728
3049
5871
1678
8254
8530
228
4546
6088
1709
370
9919
6988
9177
4454
1718
4202
3849
6353
4253
8100
2575
6029
3296
8902
7703
1344
6255
6085
1577
3664
8753
8901
3426
3133
9824
7114
5687
708
3072
7183
1178
5222
8829
2385
1594
3459
2407
5238
4836
7311
8583
3122
7718
6204
8755
4587
2540
7841
6060
105
4110
9218
2711
540
1587
4697
459
1023
7224
4759
9111
2126
4450
3673
5497
8111
4351
4793
8549
3617
2368
1691
2333
9794
6904
4445
7236
5220
7900
7125
4290
4899
8410
4934
1991
3555
5919
2355
5104
1065
5536
5369
6754
4589
603
3688
5782
3414
9826
2278
3895
6231
1058
3811
6668
7003
5177
3127
282
2472
3895
5691
4992
8945
4014
7845
6561
2934
1387
9351
8354
6221
2902
8667
1447
5716
208
4302
841
9926
5398
9424
4781
3297
833
5851
9591
4307
4502
4244
5108
8201
1074
6336
3195
3633
8056
6145
5464
5842
1758
687
406
3399
2919
4240
3558
1744
9091
8333
5827
4113
4026
151
8872
6659
4371
6879
5992
8317
3342
2490
2095
9261
5943
2112
9650
7762
69
5234
6409
9767
8219
2730
8972
3450
6927
2992
8529
4436
6941
8743
9009
3449
987
978
6783
6789
4958
9169
2503
4413
2586
5533
4082
5686
3446
5400
9685
6434
8058
3805
8063
8626
8447
6525
7751
3574
8591
34
1917
8244
2750
5131
8542
9637
3791
6652
1744
4384
184
7626
5583
5238
4850
2874
8018
1119
5049
2585
2863
4055
4512
98
3921
2673
4317
8767
7769
5521
2833
2284
1139
2089
5621
2051
6524
8458
9012
4964
9763
8682
2021
3709
8309
4549
6825
4902
6503
2543
4785
6394
9412
2691
1229
3893
515
8986
6506
1890
167
7414
1176
189
5035
8450
8977
7334
1379
8631
9814
1815
6663
1843
3506
759
1662
3127
3944
6422
6901
6756
177
8417
9051
5672
5634
4523
9462
1826
9726
1340
3509
8660
231
6857
190
301
3074
632
9537
569
3958
8237
115
2891
8197
1346
5856
2624
8358
9695
8137
8837
5268
2084
1689
4592
1364
4192
5006
9404
1308
3515
5521
9546
8303
9830
4682
4928
7995
8657
6575
8849
3371
414
7352
690
2038
1414
4289
6426
5052
883
3031
8590
635
200
6561
2566
6105
8358
8136
7906
8231
488
2654
2589
5172
9271
2135
2731
5626
3281
9172
7052
6982
5466
4602
6497
3600
5684
4709
9767
1783
9410
7777
1211
245
6548
3219
5369
8437
829
5472
7573
5309
3332
8310
5758
5704
2427
336
6489
2383
613
8748
2695
9543
3423
2429
969
1238
5742
2322
8036
529
9406
8180
4998
1779
1253
4310
8321
8616
4495
1464
1423
6684
5694
8973
4700
2393
1085
8601
6661
339
6520
4170
2343
496
9293
5319
7106
2621
3157
7245
9723
6664
2590
6720
4397
9330
5975
1183
3395
2414
495
9509
1512
2558
5587
5952
8997
4410
8513
5586
7381
9909
120
3146
2491
5715
5072
9103
159
7809
4437
3086
2292
7867
7171
2431
3005
7064
3221
938
9900
5479
147
7837
8295
7299
355
2426
3327
7946
2763
4506
8174
3367
7319
5872
8814
897
4661
6064
4392
3831
8132
3234
4679
8408
5774
5137
7587
4439
4350
4361
2349
1684
7526
8709
7988
9979
915
2000
8674
5964
5524
1893
1809
9528
3078
4653
4284
3255
6023
6332
370
2301
6291
6930
4065
5405
3701
9421
8148
2469
850
99
2492
2481
5710
2667
4760
3258
7626
6235
3886
3427
8731
8544
9541
5825
7327
5654
7264
810
7616
5654
7948
8317
5436
6666
2120
7164
9774
1243
1171
1446
3626
7109
8650
5934
719
8601
1059
414
6686
3563
657
1025
97
3219
2952
5166
4638
1484
1651
9485
4715
9267
9070
1584
3123
215
2206
9301
7916
4262
4143
5833
3458
9716
1329
3625
6060
1943
3673
484
481
1189
8693
5623
8032
7370
4916
4780
143
5753
8520
9454
2218
8640
6947
8840
1631
7711
2520
2627
4550
1762
4200
7018
6276
7146
3632
2701
4853
1503
984
8945
811
6984
9678
5447
3686
5445
6572
9265
2870
1419
6354
5200
877
9686
3134
4876
81
4352
217
2660
4187
5927
6587
5464
457
2774
9540
9610
9675
9112
1737
3504
3941
9568
8155
9696
5461
7487
3240
5938
6045
5695
1216
3387
2896
7213
6604
275
5889
6960
7473
3211
7809
1138
939
8522
2848
3606
4787
2148
6744
3277
121
9285
3861
3991
3471
9493
5803
6606
4421
536
6825
1383
9800
8696
7189
5811
3175
7062
4959
3861
509
826
4137
1939
5298
5862
956
2552
1446
9797
1926
8202
4857
9939
124
2864
2071
6158
3379
5156
5728
9382
9863
8524
5983
6286
6445
4910
5890
8404
8067
3361
6868
3176
4435
6943
4884
4562
899
7216
1943
366
9431
7233
5054
7748
4219
6921
7407
2492
3174
2209
8895
9130
1838
3557
5094
6117
6339
6460
6398
4470
7889
6374
2317
6906
8617
9354
9386
805
6668
884
9585
3016
1904
148
8459
6411
845
6863
9549
1971
971
4519
9792
1284
6656
1494
6681
9686
110
3629
8040
6934
3421
1037
4577
1172
5626
2437
5353
1913
5097
7040
5576
8617
3988
8053
3318
9749
2318
7700
2497
6880
588
9592
7094
3766
7054
4192
8981
8383
2806
5806
6453
6388
8493
8760
5230
184
9613
3533
4319
2934
3247
5858
3755
880
3569
9421
7486
9590
5014
7801
7790
2095
9014
2266
9363
6783
9285
3469
4855
6207
9240
3666
2721
2456
6778
889
4500
6796
1320
9588
6458
6956
8212
6337
646
3782
7694
8021
7625
2470
624
2551
2616
9518
6382
3123
1962
5275
8149
8498
1542
5841
12
8453
6701
9595
8970
7946
1653
393
7260
3886
4330
8185
2668
5180
2903
4554
9056
4058
2875
8930
5958
2018
4836
785
2729
5803
6238
3571
3455
9358
7321
5848
7397
3829
9199
7375
2730
2858
1064
2003
922
9343
5845
4960
2804
9249
4944
5613
133
4780
5743
6004
3344
9800
2657
3971
7702
2863
6128
1426
4210
9432
2686
3129
1622
1992
8840
7643
8638
1164
3394
286
9745
8916
4781
2498
9831
7323
1139
778
4097
1104
6494
4671
1113
7093
1524
5014
2284
9322
6260
9827
8491
7437
6949
128
7355
6388
8686
2886
4184
2901
5187
7556
4563
8777
335
7515
9405
4778
6477
6427
9747
5650
7547
12
7090
6268
7826
8300
6368
7986
9902
3241
9775
8259
4827
7981
8367
2483
8084
5648
5848
6938
5321
5546
9275
6416
8520
3737
1426
6527
5858
5728
3989
7756
8571
3828
2988
6882
5931
6339
5308
9744
8196
8650
6391
6475
3485
9558
5280
4738
4701
5649
80
9580
766
1557
1378
729
8653
6201
7856
8691
3118
2297
9062
4138
1509
2698
7400
5083
6552
8182
8349
4768
227
865
368
2376
6931
7953
9330
3198
4968
3705
3004
742
9924
8666
2114
3954
7370
8455
2870
9272
4866
726
4510
2026
3164
2118
1057
8169
5463
2845
5276
6488
9117
494
2920
1693
5937
4311
2185
2440
7529
2967
9436
3915
6820
4567
512
8134
4198
4254
1551
5334
4664
8569
1199
936
7054
9798
3316
3822
9412
1959
2940
9446
2238
9316
4598
6318
8857
278
6761
5522
9586
3003
9597
2728
6048
4245
8605
4927
9528
6051
8412
8808
1394
4203
6846
6982
1365
9053
2105
7749
3810
285
1059
6951
9755
5796
9813
6853
6507
864
173
7113
5157
6494
8092
5483
232
9499
9297
6921
524
5168
1047
183
7953
8385
8582
5356
4473
752
5152
6002
8833
2326
6897
7789
3624
8225
3033
4230
8856
9816
2836
3434
8270
7770
5607
837
6563
9876
5032
8160
8687
922
4228
3680
6861
5166
7686
8869
9147
8602
3070
2615
972
4450
2945
2064
6351
4274
4056
6440
7097
1836
8894
9665
266
4935
9131
6904
9
9457
7401
4523
8566
9579
8059
3971
8435
1576
4157
2439
8079
3474
2560
1708
7762
5963
3375
8839
9604
5836
7050
2214
7435
9634
2159
7502
2921
9300
9711
4074
6829
7494
7867
6962
8554
2022
2823
1799
3337
890
5251
9217
5428
8251
789
4910
351
3764
9453
339
3243
4872
8536
2356
2891
3640
8190
9725
1046
3237
7924
8886
1255
3534
9105
2689
9829
3500
8270
6708
6295
1200
4488
2484
733
75
4890
968
3281
9102
2262
2988
9613
888
1620
5330
3708
9076
19
1454
8214
2507
2993
4647
607
6293
5419
4387
5164
8364
5543
5960
8708
7358
8257
8003
3940
2929
3604
947
5479
2988
8014
3964
3774
7851
9614
487
152
392
5105
8019
8440
3970
4281
8172
186
3904
9584
2284
9208
1017
6033
2376
8972
8380
3692
1613
8181
3122
7023
9358
9748
8683
679
5926
4840
8534
3397
5136
6525
6665
3186
5250
8076
5983
3124
5146
1353
5575
668
1251
5321
298
2094
6977
291
1079
734
2
9627
3817
3073
9376
1636
6557
7762
67
4348
7362
9005
6959
3882
5069
721
3709
8927
304
3727
8522
7977
5202
5707
7549
9677
8458
6157
3580
7946
936
8388
5313
9242
5950
1251
6890
4424
875
8480
7676
4086
5299
1126
1651
7248
6643
4434
8977
3571
7832
8959
5298
4311
8137
9591
9057
7495
6439
2601
699
6951
363
795
6935
8129
6785
240
1765
4480
2315
4021
6727
2025
2489
3861
9444
3066
2926
5243
427
5525
7729
1348
5163
7297
1676
1628
9568
2342
7746
9198
8963
9429
3735
3877
7109
2445
9490
6287
4488
2299
2967
8783
1820
2453
9205
5201
2456
8454
4455
6585
2927
6931
6183
7890
490
4717
2872
4568
8068
9412
6969
6283
1914
2392
4952
2121
226
6419
2908
9770
1213
7581
3726
8763
8627
7611
5727
5323
9468
3036
2254
1646
9593
718
4170
4514
7228
6784
8818
3998
5611
4019
4310
7405
746
9405
6791
3333
6720
4058
1204
367
6301
5557
2743
3026
8774
7350
3099
5138
3134
4615
5865
5542
7006
6378
9836
8587
7309
8004
6071
5482
3219
5993
1600
1113
5103
1820
2866
8344
5388
4561
1605
87
3812
9514
1368
6526
5345
3763
4163
2918
7890
1479
8793
7504
5242
4542
1332
5181
1694
8944
3753
1397
756
354
3381
4469
6333
8038
6541
7723
9951
5611
5691
4797
1770
3053
9736
7664
220
3054
9236
4080
6548
4462
33
7726
3691
4106
567
5945
2798
9975
8263
1779
907
2112
1436
9236
9578
1737
7847
8965
6320
2727
6603
4539
6865
5043
2826
4009
7983
7349
2995
672
7268
1736
1717
800
9026
3373
2833
2714
1246
7549
1559
9028
3805
1640
2092
6163
1123
4348
5574
8458
8329
8326
3880
9931
7283
3025
1761
9664
3900
6948
8519
9505
8756
4380
6984
3002
298
390
4276
3059
6044
508
3264
5687
4142
4067
3054
2917
3902
7489
8222
8568
8246
5987
9643
9206
2007
2440
2402
3694
7916
614
3888
695
5349
9839
2624
5116
3929
5306
9048
3229
2020
1920
7761
4416
6060
6117
3180
3620
7923
285
4949
3645
1698
3104
8748
741
4612
1093
9551
7254
9564
6220
7298
5257
4383
6499
4040
852
258
2181
4018
1000
4216
9369
4408
4729
7586
4708
6293
8139
4870
9261
4471
3458
9845
2983
6375
563
8188
8663
3968
2479
8674
3529
9629
9899
5679
5033
2017
1598
3774
6997
6714
5424
4734
5468
2292
9260
3089
1558
1198
7098
9396
3010
2024
1742
602
5891
9665
2044
7448
4463
8028
6677
1097
2494
7030
8718
6861
1137
7457
370
1191
3102
5481
864
721
7636
1563
8728
7117
3896
6391
2956
2615
8479
8809
7426
2800
4283
1163
6968
654
8060
2098
9665
2831
1533
8150
3089
3019
6698
3032
6466
2684
2293
5485
1538
818
3656
6784
7808
6016
9844
6142
1025
6447
755
1754
2254
335
1478
7514
6818
2334
3655
211
7475
32
7491
6257
2968
3542
1491
3042
6754
3948
6124
8655
7234
2011
5759
7500
6308
7280
7094
6078
5042
4580
5697
3898
9248
6807
5034
1559
2649
9820
1627
7361
6626
8617
1448
2122
6630
6337
7475
1488
4013
981
5433
1954
6481
4862
9150
9396
5749
9882
4647
2218
6875
8150
1933
9661
8016
2737
765
5351
8073
9376
1258
3650
3802
1164
9501
6380
7842
7377
6710
871
8296
715
270
8323
1408
384
4886
5772
8999
927
2024
327
7519
3528
9429
8561
3642
1514
3316
8963
4473
6199
7415
9874
4229
5615
3696
9182
9907
9397
3397
7969
88
5043
2412
7653
2557
8052
1697
9431
6380
5113
9557
7781
6741
8640
8656
4785
3017
4142
3783
7538
8964
5023
5398
2627
4814
7275
6297
4532
421
5290
1733
2528
7912
4262
9173
261
9920
5869
9248
884
6499
5358
7880
8373
979
5465
1557
1668
5345
3621
7640
9546
384
2748
1183
3780
6457
3057
7021
7520
866
2229
3271
3630
2309
9382
8958
2676
9402
7957
5171
6268
8382
2007
9414
3924
9867
4934
8845
9194
9140
1776
8513
1629
3584
6737
9607
8179
3320
7356
4752
2178
595
9531
4866
7590
2442
9380
6923
6125
2104
4597
3511
9815
1189
7996
1442
7985
3394
2303
291
2810
489
2441
9311
1458
7015
6804
5026
7651
6584
3107
2319
6339
5611
6031
8829
8014
4020
4014
7206
5833
740
3568
3670
5594
6405
1677
7688
5844
1947
2793
5208
3910
3257
7935
8779
8426
1383
3603
2253
9610
2168
4788
4134
9432
5001
8784
9175
8630
3119
2246
6153
4103
6365
4745
5323
5427
6763
2891
1990
4081
8430
8132
9499
7266
3742
5762
4158
9658
2847
6400
2672
7871
7803
8033
3953
5940
6142
9205
3329
2605
193
8747
1781
2852
4299
6023
7231
2202
7454
7204
7056
4252
5953
9880
5806
7447
9415
6950
1924
1650
2248
559
6503
7695
6081
9494
7205
6144
129
9639
4604
729
3305
2907
2370
4868
9768
527
1558
8765
3102
9709
653
3167
7671
1924
5446
34
6153
4665
7830
6041
381
5247
5086
4818
8767
9715
5047
1752
8960
3305
243
4754
8577
9428
3574
6143
4829
1279
1564
9511
8907
6873
1738
7959
1397
4808
7905
4593
6019
3705
8244
3589
6287
1095
5647
3849
7085
6461
3463
6881
5241
9006
7315
8196
3058
8454
3902
4194
2753
3471
9901
5232
1803
8589
4495
3886
8377
2012
6211
1555
6001
8609
805
9053
5611
6819
4865
5626
9137
1883
6788
1094
7644
106
8329
3080
4402
3241
8569
4226
5228
1812
6835
7265
4710
5404
9350
9286
233
228
1288
2164
8096
6000
4052
7963
3786
8363
1707
7310
8341
4663
9786
6928
2441
1779
9098
974
831
4744
8753
7564
6560
5715
3872
2286
5116
3851
2779
3212
1827
3314
4276
1090
5526
1450
5157
1901
9257
7877
653
624
1134
4542
6519
633
6586
7818
804
4902
6744
1429
2842
5493
128
2201
5271
4937
9227
3131
8706
3353
838
3564
8280
4080
6643
7254
816
8381
9710
9814
8794
7813
6336
8481
6773
4038
2734
9673
170
3781
8714
3631
6962
6470
5461
9827
3058
824
7889
1999
2246
9214
9258
3019
8412
3724
1279
8665
888
584
4967
1150
3940
6608
9077
9076
4453
8561
7187
820
469
4234
5057
936
108
4013
7346
7967
8624
3325
7071
2635
2403
7294
4223
7649
4976
2928
2101
4920
871
7045
1653
5801
1746
4338
4992
9542
8738
3475
346
1285
4904
7856
8811
5438
3501
3120
4371
3191
6764
3647
3492
8955
9409
6029
4512
5639
1880
9183
3236
1839
7908
2306
1648
5854
3718
1747
9095
8427
3656
1205
322
3163
6460
3676
7984
2019
9694
236
9483
4234
5999
1134
8483
8130
8859
5608
154
8440
3574
6442
4193
975
7984
2094
2285
7754
9286
5997
7921
1450
6228
8063
8016
5508
3047
1358
9556
1740
8260
1784
7639
5287
2695
4264
7931
9293
5367
5458
6842
4685
7093
7781
1378
7791
1636
4306
3927
6978
5879
3338
362
6200
8675
5024
6189
1500
715
7326
4546
8769
2397
752
998
8197
4630
5217
725
8840
981
4614
9027
5967
743
3527
7511
6523
6406
5951
3950
9245
9207
6903
8100
6770
6911
5907
2939
7460
9454
3061
2707
9797
8474
307
3151
86
1493
9351
846
148
6291
9007
8876
7608
7197
4017
4402
7832
8989
8387
4954
7254
4621
1118
2782
8312
6288
5156
6779
3460
5816
3205
4553
2745
2893
2315
6861
4679
8949
8905
7579
2745
5364
1383
7085
6602
9646
6910
9610
231
9145
6856
1327
4143
4264
3561
4238
4428
1306
3002
4319
20
1685
5547
2325
4623
693
5508
8586
6798
2341
375
7336
430
6052
6882
9174
1702
5285
4681
6537
2075
7201
104
7277
7162
8328
7001
9813
2166
2436
8925
7990
9456
8161
4724
6324
1000
2414
5554
3983
8824
6978
5542
622
759
4348
4587
4137
9082
8705
3118
754
9981
9362
8773
9821
8325
4982
9897
344
2660
4681
8869
5891
1638
5362
9917
252
4687
8722
2679
6989
4631
9645
736
325
2213
2230
7833
6312
5152
1075
7022
5478
9925
1819
3022
7990
6191
1565
7638
9238
2403
3661
5889
672
2669
1925
7905
152
2811
9663
2846
8875
1659
3785
3525
383
7693
6275
3975
412
9592
7736
2329
8090
5109
3657
8118
2756
5073
5645
7669
6193
5974
1348
3990
587
2946
3409
8351
3082
8545
3183
5433
8776
6718
6641
4122
2617
1843
7819
1376
8952
5530
6777
9453
4440
7442
7437
3418
9043
8070
3493
206
8867
6436
726
8822
3316
6053
2867
9568
5651
7453
2377
4078
3797
9242
3096
8348
5065
6368
1806
2448
8549
3945
9356
9738
9590
362
6194
5894
5354
7041
7597
9599
1815
7879
8017
7520
3804
3955
7903
2839
79
6732
3353
2164
9987
423
4668
8876
803
9323
9389
1065
2641
3127
2907
9570
9559
4353
5114
3581
5794
9675
4448
3437
3290
1344
5956
2809
3723
4318
7570
6314
1941
5944
2759
5313
4773
1265
3492
4168
8837
3975
8832
5066
2076
1368
4489
2791
2894
1571
5295
6094
8447
8569
8271
2178
8751
8369
9135
5246
6057
8514
6522
1167
908
6781
5671
417
5337
8013
6822
8312
3027
6616
2870
7112
1204
1641
1919
7126
8022
6551
5132
3583
6256
8162
6879
9982
8097
2696
3803
800
9872
2922
4314
4553
7336
5990
2015
9972
625
3197
642
6117
8040
8246
4298
90
8036
9138
3343
7812
9561
6234
7501
9603
9671
8285
9238
3539
7630
3613
4970
6838
2196
3170
3056
3081
1584
943
5432
6038
4075
9062
2795
7521
1741
5393
8794
4719
9384
8213
1976
6301
2161
1380
3128
6301
6706
7548
1426
906
8964
3362
291
3572
6739
2456
5804
6067
5963
7073
7196
9589
6256
5023
7485
161
5938
3374
9905
157
1174
9361
703
4043
4702
103
3337
1487
1339
6770
9355
5148
6888
5550
8676
779
2698
1091
2092
4170
1346
4569
914
847
1903
4749
2790
678
5618
4301
2046
9136
742
4072
4667
9023
2857
2885
9206
4065
2955
8109
3761
8432
434
8873
3541
5184
1273
8134
3055
8414
5712
7675
6609
4835
9968
6375
535
3247
2429
2284
1986
2817
4221
5853
7822
7069
5267
9924
1389
9230
2978
6698
8074
3988
4896
1443
5129
4527
1956
9756
4546
8480
3660
3817
956
7057
5588
4422
2517
1209
2346
3960
1702
9395
2849
8185
2293
6025
397
2082
7067
9597
9204
4304
2340
5353
8401
6625
7906
1763
382
3990
1128
6413
2846
7910
8119
4366
783
5628
9711
8294
9405
7823
2262
8938
3371
835
1496
8587
4860
2892
6880
563
3584
5061
9187
8489
8986
8940
6910
9653
3551
6822
625
8512
419
507
3147
716
8185
4721
1321
3295
9078
6400
4387
2215
2952
5257
9141
9665
8097
4087
2810
1156
3566
7038
1338
1642
5275
82
3219
2898
4918
6877
3007
5475
5042
4535
6329
7711
4200
545
2018
7804
548
9988
6052
5727
1629
3004
221
1929
6487
8811
434
5729
1270
9341
2148
599
6190
5409
1887
5433
5461
6044
346
718
2825
4097
1127
1321
8914
9170
3072
6367
5829
7967
5756
2405
6061
3713
7445
7027
5278
8103
7398
8239
6142
1511
3009
10
3693
7378
3916
2932
2706
9381
4218
2437
9594
6899
7880
3788
5744
5445
3323
761
1985
3551
4527
8986
574
7490
686
8269
6504
6635
1675
676
2626
4926
3752
8742
6636
4813
8165
2028
6333
4265
7209
6657
2446
5028
3890
8323
1741
2767
1230
524
1177
4369
560
3420
1796
1841
9485
9675
7041
9176
564
5321
660
8578
126
3985
5189
9040
942
5893
1462
7365
6503
305
2519
7799
7026
4798
6140
2527
6737
7359
9383
7858
5734
2443
3198
1711
7876
3742
4625
5885
4033
2678
1967
1838
3089
8374
5173
4209
9051
7948
1874
9814
8639
8894
1838
3637
4417
8472
3592
5828
4694
3273
1846
6001
6386
575
2889
8240
3297
6536
5302
864
463
6335
9266
5051
5608
2132
8852
6831
2752
3741
1980
9152
2802
7053
3160
8819
9902
6184
9554
9216
9129
1168
1826
4971
6115
6789
9632
1374
8505
2498
6402
987
1319
6269
4925
3470
7334
8614
7030
6443
3960
928
7696
9226
6218
3600
3043
388
6503
7604
4735
3265
6647
9715
87
1805
5587
8319
5289
1567
4868
5329
6255
6463
601
6126
1522
1330
3961
2470
2048
432
6122
3793
1242
2571
6971
2782
9779
7251
9513
8506
8188
1966
1642
9166
773
4258
4386
2784
5760
6686
5980
457
6411
5158
4851
8104
1163
4842
8984
9505
9987
2963
6501
620
2622
8759
2545
4574
7429
1288
2133
6046
3015
889
3973
2912
8609
1159
8995
5640
6093
5916
6317
4980
7523
4843
4456
4697
936
2091
7341
7583
5693
8847
1808
9174
4930
684
8644
1597
5602
5104
9244
5216
5710
3651
3932
7432
1124
5005
8902
6767
6726
4879
3076
4933
2484
5772
2649
8098
7966
9554
6243
7740
3293
1804
9636
667
9128
7711
3618
5680
7462
6851
7548
4296
8809
2634
638
8827
8945
2972
8945
1271
9727
7514
3340
9054
2440
1547
2081
829
2846
5905
921
1839
4337
6788
5265
4024
1863
7293
282
1730
6273
7565
2269
2792
159
514
9920
2358
9182
1479
6200
6664
9490
2430
1116
9416
1200
3315
5475
9673
2430
1516
8306
6690
7462
3424
4950
7307
1391
9220
7003
1826
5829
2345
5013
1602
3269
2553
9082
5136
7477
7470
9866
7075
5570
6188
1750
1006
8218
3468
8499
1023
1252
9168
4746
3892
4731
6623
1226
4672
724
4128
3284
8329
2548
5794
9641
9244
5085
1278
8659
1606
5439
5740
7908
487
1886
8028
7917
6028
1433
3046
3619
3468
1901
1975
3501
637
9854
3541
7018
9851
27
2651
9968
4368
2308
2511
6966
7918
6022
6422
9988
9369
4489
8411
9732
9094
6433
6822
9141
2762
9689
6265
1271
386
6447
1192
1465
595
2598
7137
5072
1125
3278
1327
7593
3667
4329
9935
5038
5920
2647
965
4045
1023
6148
1195
2260
5559
4186
2815
2081
4035
7156
9143
2214
3760
4424
5994
4112
9784
5009
6020
3966
1285
5044
784
9205
1092
9069
9875
3482
869
9912
7867
7038
7669
2421
1506
152
5397
1283
6012
3342
3631
9546
6213
1366
6643
5045
4638
6508
6575
5554
9457
1787
9920
2110
6002
5962
4041
4359
5880
5410
8332
8991
5542
359
20
8891
7467
5409
7280
1115
7623
8311
7443
8953
9800
2208
1722
2741
8157
9117
383
7212
1757
1467
8744
6347
1355
516
1214
1333
6585
6722
96
4502
9476
769
1213
6236
8565
7294
8899
7194
3482
1435
5346
3012
4574
813
8984
3624
1220
3667
8691
9540
6216
4155
5437
1182
3758
4322
7044
6364
1671
5095
9017
9895
6772
4665
8741
6687
4481
8079
2821
4677
4312
3579
8382
4565
2019
1164
8156
1215
1828
7060
6926
3469
7075
2717
673
5290
8051
4081
7450
4349
5656
8810
2605
7441
7977
5412
2623
7971
3382
3540
6389
844
7527
5923
283
9798
6304
4005
9047
106
8933
6543
1531
6160
7190
1439
1008
9721
183
8537
6185
9661
2983
2744
5102
9467
9025
8881
1944
8877
9571
6724
7973
4129
5819
3228
1556
5959
3157
532
3756
4904
3158
6672
209
4460
1173
8410
7073
7918
7459
3924
4796
5962
8312
8146
9478
5842
559
3316
5176
8020
3833
1312
5700
9396
4835
1042
6805
7550
3196
6613
7346
1010
8167
8782
6869
6964
8565
1705
908
159
7802
2368
5829
1391
356
9364
7844
9339
3373
316
9661
6923
6759
7228
6210
2405
5242
8490
9160
197
2102
6740
7780
4071
5473
2779
2302
4888
9928
2381
6497
1147
6074
6891
7324
3060
9001
4948
6896
6351
7315
1117
7817
9977
7430
3407
6501
4901
8904
7787
8886
1401
3918
32
1736
1304
8568
857
7797
2002
1222
6239
1797
9199
7075
4454
7472
9146
8791
3168
4284
8891
9288
8187
7991
9266
104
8900
1882
9824
1201
6344
537
8741
3569
1136
3993
1032
2681
5558
9169
8673
9727
4907
1373
6272
1690
1776
7539
4184
1883
7406
4249
2530
3076
4742
616
298
1966
6969
8940
6094
9709
1374
2803
3890
8907
9919
1226
9128
6924
6363
5593
5886
6804
8905
9584
289
653
8641
948
8524
8342
3354
9969
1403
7672
1806
5830
7025
2076
703
2641
7532
9578
4209
5491
7785
7213
8533
4339
320
5434
5068
9662
4865
9859
7539
9350
3241
1909
1977
2335
7175
9016
3633
174
4773
9083
8
5646
8267
8430
7886
5015
5025
7500
5725
5247
5000
4451
7852
3275
8239
6376
9926
4645
5337
955
6917
6111
6414
4733
550
2430
2168
4118
5159
4879
6186
5152
5622
2389
9762
504
5160
4151
4972
2632
7595
13
9107
536
4930
8461
3963
4583
6580
5623
843
1920
974
6211
7829
9603
3380
5632
7142
9372
8356
1480
8578
9130
7219
690
2245
6343
3179
1709
1274
2217
8027
2084
740
9046
4429
6580
4156
2519
340
6835
8424
482
3076
9147
3118
1705
8565
5287
3802
5112
788
5732
646
4824
4
6585
4540
9936
4926
663
4392
7785
269
641
3183
7967
5876
8630
5893
3138
5808
2876
2279
276
7074
5092
3289
7298
143
7640
2377
7588
7505
5484
1782
3604
7780
2141
4931
6128
3323
46
5068
6937
1512
3377
4040
9083
3294
6100
1370
3178
2389
240
7719
2553
5637
1138
9833
7118
3025
2168
8573
8507
9130
8729
4901
3178
4052
5254
8237
2145
7745
6305
7275
8298
3003
414
5592
294
7389
1049
454
9452
2881
8990
6066
5927
5757
4110
7362
620
1118
5535
9738
9213
8616
3175
1950
2729
7119
824
7862
8185
7098
328
5696
112
8850
9351
4008
6824
1771
6698
6971
9366
8568
1368
4307
8984
7103
165
208
4537
8412
444
4852
8262
7068
3926
9542
4495
6607
7918
3701
8074
5070
6678
1576
8378
6374
4226
4477
7502
3970
7490
3720
5970
5499
2320
7250
3697
1697
9163
7961
2658
8034
5480
4216
9404
5393
1729
226
9951
6561
8433
5888
2891
2260
9888
6754
9480
5867
9995
2850
2884
7901
2704
2158
2241
7784
1412
853
4392
761
5012
2093
4504
8929
2980
982
989
1514
647
8926
9198
8464
2625
7475
4786
5660
7798
1877
7478
5593
5952
7378
3271
5246
1459
8485
4793
5859
2476
372
2056
3381
4823
6863
4914
8852
1513
2664
9878
9841
6174
834
7078
4286
2858
2547
553
1088
4088
7477
4425
2443
3456
5905
1272
3323
2576
310
9903
1990
8623
2750
5999
9139
4684
2810
6107
1025
3133
1838
6640
751
9112
7170
2330
4513
6917
2492
9294
7360
6789
3662
6362
2286
2633
2508
9108
6437
9362
8999
2092
9128
3583
7686
5759
1772
261
6064
8157
9356
9339
3979
9514
7547
6899
3582
3939
2768
9992
9820
3780
2687
1336
380
5771
4764
78
9824
8300
697
7264
9296
9711
5101
7041
6309
5749
5736
8717
565
4630
3796
5986
278
5629
7392
8684
1972
5031
3118
8789
9650
7400
4583
357
4784
6538
9090
7145
4281
3036
7024
6563
2035
4637
8595
3319
2746
6871
5887
580
1828
7935
2192
324
7438
3516
4066
3753
8202
4415
744
9227
9036
4328
2647
8869
3617
3182
2548
2131
8882
8947
405
6631
653
3195
1954
4671
2131
9840
7673
7736
140
2607
9193
8220
8085
894
1219
7956
5491
4082
6950
3313
893
1701
7557
1017
1254
6320
3934
7921
9863
9148
9098
3893
4544
2790
7810
7565
1459
3894
2123
3447
7433
5324
9349
632
971
9174
3095
6711
3699
3169
6292
9599
4855
8360
1850
3724
3534
2160
7160
3602
9447
270
7223
6819
1790
5505
8728
6412
6647
9386
5000
6546
3155
8548
8050
2354
8142
4987
6369
8156
6812
8038
3532
1301
6462
8422
4559
1603
6364
9117
7758
9242
9067
6778
2680
3420
9098
6794
1592
3866
456
6796
8045
6701
2379
7985
9090
5719
6286
7931
6402
1397
624
5048
7916
5474
1799
5878
2709
5545
3363
5616
1663
5098
8863
2290
1426
4044
4011
7806
7486
8528
1245
9064
2747
5101
1595
6507
2109
3517
702
332
9880
4371
7611
4838
9211
6375
3599
4876
2155
2386
612
6929
498
492
5880
5162
548
4786
9124
6197
5063
1424
2839
7241
5883
5692
60
5427
4946
360
3364
3056
221
4402
8780
8508
8819
6323
1113
9616
5763
1585
2138
2794
6246
3135
4226
7083
4385
2344
1334
558
2966
3476
6350
7440
3220
6092
5702
9171
2346
4678
9081
8188
7024
9016
7536
5405
935
3906
4473
248
3373
1225
6446
4902
2976
636
7896
5027
5652
6520
9895
320
9389
2286
7829
2761
5140
8928
8504
4885
613
5973
6668
3987
6807
8191
1522
1567
7680
8824
3582
3172
1692
8030
5541
642
7073
8243
6988
5905
5240
1170
1536
8993
8892
3557
4871
3776
8321
4218
190
7905
3761
1794
385
7781
8790
3031
277
57
9378
8327
4037
3116
8040
1762
6943
2358
2479
6120
6820
6353
2367
3385
5300
8911
6048
5127
7082
8276
3713
7004
7780
2265
2644
6128
1363
3458
7222
8431
4067
2489
8584
6761
1568
4169
5399
9254
9077
4740
2516
3740
353
232
2097
9292
5484
8881
7336
6966
4517
7594
7126
5590
4878
274
6155
6094
8535
2183
9900
4797
6488
1600
7756
3132
7588
827
7910
4921
2322
6712
9394
6360
6938
204
1000
6514
6477
434
1386
3509
8593
2252
6530
4084
2543
4105
5049
7931
7900
8018
5719
1772
3159
8715
8282
1331
9024
3245
3792
817
7570
4783
4225
6868
7763
1213
6548
95
4676
4194
1292
7965
7502
95
5322
3889
3457
2058
556
894
1097
3671
1548
6789
9837
5041
1147
5421
4777
6051
2753
1709
7135
4993
2534
7399
6552
8666
6166
7399
8437
7587
6632
9417
1223
8629
1274
9771
9260
4106
5254
790
5031
6463
4893
2954
5644
3450
9145
1518
6850
3177
6397
8107
8737
8150
4064
6623
6274
3908
3611
5193
634
6412
4343
9469
2821
8143
6882
8853
5154
6948
5786
6083
448
921
4855
9834
5995
5640
7743
4562
9869
3728
8926
6441
965
2814
7713
8110
3634
1140
7699
1442
6476
4766
6792
4275
4738
3450
1985
4554
1166
5319
5948
3740
3094
8470
5910
206
661
8364
6191
6848
2812
1013
9155
8491
9328
472
285
6543
8389
6568
5098
1870
4972
2304
5770
4299
965
7266
717
7742
5949
1205
9109
7608
6131
4856
4688
223
8072
4978
8511
8851
4317
4524
9329
1190
1566
1299
6844
6155
9626
1519
4817
4566
4025
943
4956
7473
2486
3919
8684
8914
3031
6844
2728
2329
8149
9069
8071
9183
5004
2326
2469
6465
7898
1756
8635
1537
1067
6584
4257
3535
3498
4078
8075
8182
539
8274
7332
786
1142
6576
1631
6236
1990
7207
3077
5578
9310
8827
5505
8840
6289
7338
6654
8871
7862
3101
5491
8130
7446
716
3066
2278
3989
3804
5854
8914
6988
8997
7951
1112
7518
7976
717
6656
3235
358
7269
7819
1197
8511
5548
6124
3585
5046
5416
9250
9366
1110
2971
8860
8529
5324
9302
9506
3560
5006
1616
1939
5319
3993
7604
6765
4514
3674
749
5577
3850
7819
8755
6144
2871
3550
9536
4037
1119
5380
6569
5821
4793
8465
5818
32
8219
4149
8037
683
1342
8513
4280
7469
9918
6082
7793
7268
231
1069
2221
3137
6958
471
2797
5779
8001
3609
9920
6305
4524
3955
70
1364
2014
4423
142
7204
2852
2778
3665
5996
5833
3941
6911
3773
8348
6866
4770
9237
2955
3663
3157
1581
4298
1156
3245
4633
5446
1872
5704
6083
4301
1094
5010
6644
713
7445
5257
2742
4178
9309
2416
9323
1363
9030
9105
8491
1549
2412
4390
7265
6964
2812
7348
7341
5741
6502
8578
6431
3459
2601
7916
3278
319
4763
5815
8411
4627
214
1301
5608
1357
5816
4820
7597
698
7085
5649
2990
7311
8313
243
3383
3236
563
5225
7454
1560
6678
8298
1373
7760
4895
9455
1559
5267
2433
8647
1400
7168
1685
2748
5280
3788
4703
7587
9703
2892
6673
7911
3441
8575
8008
3229
6458
2000
7968
6934
1139
8171
8829
9037
8410
497
7273
3802
5716
6689
1248
9226
2117
7743
6293
7446
9093
5806
5748
6301
8777
4404
663
726
7433
6753
5142
4651
8271
7823
5157
994
6664
8016
9995
3080
4456
718
7280
2733
6294
5682
9642
2634
5626
1722
6647
5589
4689
4090
8242
1132
8784
6961
5844
5124
4425
713
4772
1735
2096
2133
2293
5492
8163
9989
4421
690
6210
7736
116
4514
1225
949
9142
1180
3816
4365
6212
7378
7449
7259
8807
1269
7754
5616
805
1500
821
431
8551
8674
6846
7105
771
8661
9334
2806
9754
9750
6176
3480
9561
3282
5787
6750
9817
7495
4912
4839
2182
4324
3202
5876
3004
6260
9765
5127
2011
6455
1185
7866
2322
9675
3892
7177
6050
6342
9718
9854
9933
370
8135
763
3573
721
1201
2206
556
372
9630
9686
9453
2668
8525
5935
2877
3705
2742
2764
7488
7804
4266
3723
6251
7363
5765
1671
3292
133
4295
5045
7764
5497
6872
4292
9133
9856
7213
7987
2546
1720
1339
2225
4286
8562
2434
9411
9903
3530
5706
233
5935
7261
4439
2732
5839
9603
2692
6244
2768
977
9082
5997
5853
6560
7016
1644
1155
8720
4106
9368
7585
2015
358
2456
9456
7689
4368
4974
3701
1883
4938
2618
5656
6787
5485
8217
3745
1816
3669
4928
4884
4452
1485
9701
1379
8199
1336
4711
3796
9376
1319
4414
6481
5501
2489
1179
8044
4004
8783
7768
4793
6386
733
4541
1820
9544
1854
3950
1543
4494
1847
6009
894
2983
1422
3795
7483
9466
4588
9666
8154
7720
2411
2554
3064
62
4114
9886
1483
7833
5236
8462
7807
8481
9288
6992
2978
3782
4328
7641
2991
5226
9285
5000
5070
9235
3468
773
4234
3372
3436
6418
4656
3850
7976
9423
897
7536
2872
4080
4408
6871
2629
2115
3273
9599
2764
2991
4118
458
4981
1290
5134
3093
5445
8186
2089
7643
2106
5615
7969
6794
7016
4241
9756
5693
6328
8082
7971
6386
9500
3168
3691
4387
9900
4786
6476
8790
156
4651
9797
5061
7821
4300
8204
926
837
1970
7483
179
1382
4168
6350
7069
2661
1092
6918
3739
9778
2209
5752
210
2483
4876
5633
1771
3956
888
9405
8893
5315
210
5946
5720
3163
6909
8600
9
2933
2431
9475
4608
4751
7714
7045
9494
2640
5640
5413
2286
5651
5333
1914
2096
1814
3798
6849
2812
1090
4454
309
9802
6003
6866
3670
4049
2325
1772
4438
404
1758
123
7700
8736
8519
8471
7133
529
6934
8039
4126
4220
5428
4137
3546
7832
4934
6898
1457
5123
2012
6067
4576
2225
8019
4206
3802
3243
9674
6252
7362
6740
6455
1562
5771
654
5210
4075
1336
2784
6960
6870
8094
4496
3346
1230
8726
7815
9831
5499
1394
7585
9458
793
8376
7265
3495
4633
6134
4861
7214
3444
8699
9859
8990
2253
6313
1035
6653
5484
1944
4005
2918
8148
7222
2546
9067
2477
1169
9537
1606
8932
752
5008
476
1388
6110
7399
2409
9692
3092
1096
4714
1771
5192
2623
1474
4568
4485
7982
2893
1632
7857
9818
3362
2346
4522
9858
3226
6888
2969
4205
6422
9998
9197
8066
4169
8283
1870
3985
3740
5639
550
2139
8755
6127
8265
9635
967
6882
6609
1572
2935
8397
5157
9230
5397
341
6291
214
2583
2533
9136
1202
8406
176
9412
8724
6282
2268
2963
3008
4398
1707
888
483
208
7025
7818
4495
4898
5705
8413
7895
7730
3590
8070
5656
4122
8462
5357
581
237
4317
6552
3684
717
6476
8080
5286
7199
6973
4075
6324
6827
911
6497
6821
5841
5544
6560
4674
128
6932
7316
2574
5222
9077
2362
6428
5625
9011
1824
8717
8383
6272
1393
7255
9871
3748
4192
9686
1938
4056
3964
890
1148
222
1666
3609
7985
265
9901
2293
3679
1509
9098
3223
1423
1257
5677
2990
2561
3070
9846
2319
8979
1741
2351
1020
149
8000
8480
4141
9231
7444
2151
4288
942
9262
4576
9485
9717
3402
9924
9269
2738
7144
1770
1383
5260
4031
1410
3985
8927
794
3715
3647
6484
324
3024
9386
7717
3029
6544
6055
4974
2708
4324
6921
747
5839
7912
6350
2490
1518
4310
4582
2879
1911
7490
8953
614
32
3772
7230
4561
4639
8919
3113
4348
4156
385
7105
1299
5044
6505
9531
1732
7333
251
8104
7457
7725
4341
8421
9905
9334
5405
8203
3463
4225
801
5348
1070
29
1707
4125
8072
7017
4031
1443
1483
6016
3908
846
658
8076
4532
1456
6885
50
4532
3785
4438
4486
7813
2698
2626
4650
8958
6327
1527
7994
4687
1204
1573
5964
5999
8567
5886
1939
4998
1327
9384
8857
8115
7198
7723
2851
4706
4589
3097
7011
3261
5353
6374
6141
250
9801
1041
6779
7359
770
8616
5686
1332
7672
9569
5430
3166
7061
9446
8682
1777
5317
7468
3986
6840
9192
5461
9656
7731
7371
7026
324
6553
2041
2594
6183
2790
1698
1481
7928
1982
1594
3417
7954
1967
1502
157
1728
8730
3149
1663
6871
9204
1798
9250
3434
9991
9194
2065
8882
4662
7277
7644
5469
2982
9353
4257
2986
6833
8062
6790
458
3228
8772
6799
2108
3211
8260
1137
3993
7410
2072
1288
5831
2258
1228
9185
5185
2946
6090
9010
7561
5918
6219
2275
7185
4118
9877
3864
5870
1913
4982
1689
6139
1706
4169
7532
377
6792
6223
2233
7947
8291
7638
1460
159
5678
8614
9224
1739
8538
9678
9584
3376
5131
9488
4516
4532
3183
2545
1809
8911
3507
5028
1678
2445
3598
2935
7623
5196
3735
8380
3376
8330
3145
9140
6147
6534
4306
9262
8183
4196
1678
2755
2166
473
5458
6306
8666
4512
7627
646
2892
2364
7575
1476
5954
9715
8775
838
9068
3766
5779
5084
3563
7190
1328
9473
5440
1902
7817
6681
7845
8705
8096
8021
3463
4005
7492
1645
173
4715
527
3298
9463
9388
8206
7509
283
3254
8538
7272
1504
6212
2932
5404
2903
7964
1332
362
6985
6153
2539
4165
7485
6171
4019
4618
8948
7191
5741
3202
9541
5170
2120
6920
4897
6673
7954
3279
9676
131
380
1525
7801
9134
3610
9851
2554
3321
8948
2260
1264
1882
158
9376
7340
8980
7131
2129
4730
6869
8455
1430
885
1224
1947
7134
1324
8323
8540
4460
163
5783
4674
6836
5861
3895
1453
3950
758
1125
132
1076
9099
1297
8835
6720
7711
323
7885
9476
5424
3277
9567
2625
1609
9893
5158
7763
3978
4889
2627
5054
5752
4782
7699
3402
3408
9635
990
7911
2507
1542
54
6410
3762
9799
8103
3051
5917
1896
4761
9621
6851
171
7070
6937
4619
1236
7098
4401
599
2912
160
2640
6458
1173
5450
6103
1839
3813
3481
3491
9527
1287
3809
4026
2928
4426
3695
6703
3042
1746
4517
9206
8933
5401
3602
4743
2096
6760
2861
1162
3302
4028
605
3086
21
4060
2425
9653
2941
9654
5860
5352
9647
4465
2219
4926
3946
4842
2970
3836
3829
5294
6910
6522
4079
5943
2971
3899
5228
1072
40
6548
5106
7323
4898
8320
4596
4189
3781
2763
5054
5563
2618
7476
8018
9132
6568
5351
3546
3389
6296
4033
427
1282
9551
5380
7008
2226
2713
9122
4975
6981
4651
95
4401
4222
103
6237
1482
4678
3443
2513
9756
2681
962
856
6995
8489
4181
4247
4556
3151
1005
5639
1658
1840
6837
3736
8629
2034
7977
9364
9478
2285
2366
3317
1274
8527
5099
1740
4362
8274
3108
1255
8780
1975
7712
3859
3145
8727
558
4197
4368
1270
5544
6600
465
9146
5746
9775
9791
3733
8345
8926
950
5311
6439
1631
4348
6324
4475
7506
7921
8884
6061
6087
4753
855
1101
947
1635
2970
2596
8390
3052
3891
8752
927
7381
6663
3453
7836
1999
5263
6234
9453
4876
3443
5536
2984
7518
5921
676
3676
6141
3545
5978
1813
6509
8037
4446
4680
5503
6773
2182
7229
226
3995
2916
8430
3926
7868
26
2754
2614
5717
5853
6448
2882
5264
8155
4586
4104
263
1234
4722
1197
6543
5442
9815
2937
8160
669
8404
1093
8305
720
4664
7469
4654
1517
1940
9220
9417
5972
6498
2680
5554
5495
8407
642
3660
9474
9417
554
6367
3439
9516
1274
8422
4126
4974
2369
9026
2010
8897
3007
2775
3973
8792
2690
6906
2669
3282
4177
2518
9630
1386
974
1138
136
4417
8997
5685
122
9718
7879
4736
5354
1323
8730
4027
544
6162
1560
9722
3048
2593
4721
8810
261
5581
1947
4914
2317
8920
4667
7052
6774
9794
3577
6527
9270
4922
7822
5472
6773
1916
2196
965
4113
421
7813
7146
180
8195
128
4270
3874
3412
5163
6365
3535
5817
6730
108
3733
7573
3159
5674
6366
9395
7116
9649
1740
217
815
2879
2180
9756
1106
6904
5479
1331
6235
6203
3008
4159
439
8112
8532
2500
3806
3691
8896
5640
8314
1696
9598
9575
4092
8778
9415
8232
9133
2148
3248
8211
3016
6330
9137
3940
1117
5120
2684
3797
5103
7900
2713
1310
8560
5166
5615
8842
8573
1712
7721
9509
5524
6737
3787
846
8860
9560
630
5052
3929
3
2557
6489
208
2971
4810
8919
641
1160
3015
8327
48
8452
1947
1517
6821
1220
9380
6381
1165
6625
3362
6987
155
7880
9448
9759
1328
9988
9763
3285
6639
1898
1165
1978
3679
8632
4339
765
8792
3690
7379
7256
6651
4944
9277
1216
4312
7351
3142
5845
9625
337
6029
4464
9620
6102
6455
7917
4141
1021
4310
3742
4046
9555
9039
2269
3312
3420
3033
6801
223
7090
4520
3121
5721
3966
3387
5895
4117
7005
4834
6440
6368
713
9516
8638
4747
1252
3687
7586
3106
6869
5352
3809
341
3410
8504
8451
1437
2956
8586
4270
9890
6812
1534
4227
102
6758
2221
7234
3635
1389
551
7710
8558
3239
2601
7904
6691
5294
2918
5205
2767
8455
49
1651
8575
9397
6178
9623
6261
5476
3348
3514
9424
9117
5125
5796
3576
4126
2813
2528
5279
2118
4974
44
9765
7911
3468
2221
3753
1300
8479
107
8073
6280
214
795
8171
2069
2264
9477
7040
113
6591
7612
7483
9533
171
6477
5817
4338
6092
6173
2218
4279
997
5465
631
1690
8836
1114
2583
4389
7936
6997
1131
821
9122
7807
155
5594
4656
6994
4629
1021
7605
8526
9811
8659
4363
5475
9337
7954
2052
9056
8530
9978
2647
7171
7887
2150
5398
3804
3089
6958
991
1244
1864
1171
5682
8480
2697
1709
7652
240
1089
3393
7503
741
3306
2810
50
6697
834
305
3405
6741
5183
9036
4943
118
5166
5915
4612
1202
7850
4096
7857
9790
3803
1169
179
1066
1965
238
5506
4220
3363
3726
6901
5751
3896
9518
8220
6873
7223
5452
1129
761
3227
6659
1897
2783
8954
7754
972
7594
1184
2486
1656
3702
5779
6342
5778
7654
8904
6460
2812
3791
9751
8880
79
1938
6650
4091
950
7750
1676
9200
7939
5565
8106
8515
691
1606
9073
845
6871
9261
823
9277
9853
5069
1686
4460
16
8164
1270
3224
2530
9997
426
463
7080
6255
8611
7337
4208
5657
8616
9976
9225
4735
8798
3145
1916
1970
1768
550
4559
5178
7800
3532
3189
2790
9738
6570
2514
8992
9710
5315
9825
5683
6681
6042
3350
1241
8939
2889
3022
838
1835
2535
5918
8423
9623
9184
8740
1410
8245
9189
4946
674
7307
5776
1387
4693
9207
6219
2502
3952
1071
4245
2598
8979
5524
2879
7680
3063
7669
6234
1159
4367
764
6836
5794
2401
7511
6439
1364
1001
4543
8704
4828
5072
7048
9190
3837
6783
9358
7962
2097
8061
3867
5579
7214
7402
6458
5788
4195
84
5304
4126
2121
9849
6026
3624
7851
5557
5725
578
865
8473
5184
4166
6692
4218
170
5382
2835
7227
9004
6867
2006
1618
2357
8848
1567
5501
1089
552
8089
6076
2815
2420
1042
2934
1837
4520
9846
8204
953
2233
2283
9562
9678
8307
1114
9212
6587
816
1278
7817
22
3556
8573
5621
128
8038
6561
2544
5952
760
1684
8907
4668
5726
7012
1677
3542
1973
9050
4134
5311
6518
5681
9797
3965
420
5504
6979
534
1228
9197
4925
5473
3598
2947
239
3326
6221
1578
7283
1322
2577
3950
5661
3449
8079
9707
9536
1984
5534
3204
7193
7711
5003
8122
3282
6256
9036
5677
5497
8225
8831
8600
6459
877
7115
6513
1986
8817
4868
8392
6212
7756
3655
2031
1594
8791
4292
8842
6023
5836
6985
2786
591
9692
272
9822
7581
1858
1550
6147
1972
1270
3091
351
1461
5090
9632
6270
3683
841
5231
6490
6123
373
3750
1088
7017
678
3745
9152
9052
717
3689
4688
8293
7487
6472
1288
8822
2116
6951
9057
5040
2310
5005
5832
4657
8000
6963
7948
8441
7872
9475
3257
1490
3146